Input Size: 256 MiB
kernel:transpose, Total kernel runtime
5.61651, 5.61651
1.14995, 1.14995
1.05174, 1.05174
1.05184, 1.05184
1.04736, 1.04736
1.04742, 1.04742
1.04928, 1.04928
1.05149, 1.05149
1.05302, 1.05302
1.04768, 1.04768
1.05053, 1.05053
1.04669, 1.04669
1.04723, 1.04723
1.04678, 1.04678
1.05238, 1.05238
1.05018, 1.05018
1.0479, 1.0479
1.04806, 1.04806
1.05117, 1.05117
1.0481, 1.0481
1.04627, 1.04627
1.05226, 1.05226
1.05453, 1.05453
1.05238, 1.05238
1.04765, 1.04765
1.04957, 1.04957
1.04854, 1.04854
1.05504, 1.05504
1.04627, 1.04627
1.04829, 1.04829
1.04963, 1.04963
1.05376, 1.05376
1.04845, 1.04845
1.04608, 1.04608
1.06051, 1.06051
1.04976, 1.04976
1.04582, 1.04582
1.04736, 1.04736
1.04618, 1.04618
1.04976, 1.04976
1.04522, 1.04522
1.05267, 1.05267
1.0479, 1.0479
1.04502, 1.04502
1.05149, 1.05149
1.05392, 1.05392
1.04922, 1.04922
1.04768, 1.04768
1.06352, 1.06352
1.04461, 1.04461
1.04877, 1.04877
1.0529, 1.0529
1.04874, 1.04874
1.05421, 1.05421
1.0457, 1.0457
1.0511, 1.0511
1.05194, 1.05194
1.05206, 1.05206
1.05165, 1.05165
1.0479, 1.0479
1.04742, 1.04742
1.04954, 1.04954
1.04858, 1.04858
1.04941, 1.04941
1.04963, 1.04963
1.05046, 1.05046
1.04934, 1.04934
1.04819, 1.04819
1.04973, 1.04973
1.05155, 1.05155
1.04598, 1.04598
1.0456, 1.0456
1.04726, 1.04726
1.04573, 1.04573
1.05024, 1.05024
1.04515, 1.04515
1.0512, 1.0512
1.04416, 1.04416
1.04928, 1.04928
1.04838, 1.04838
1.05206, 1.05206
1.05053, 1.05053
1.04845, 1.04845
1.05251, 1.05251
1.05203, 1.05203
4.4249, 4.4249
1.05123, 1.05123
1.05213, 1.05213
4.33901, 4.33901
1.04787, 1.04787
1.05018, 1.05018
1.05043, 1.05043
1.04704, 1.04704
1.04771, 1.04771
1.04589, 1.04589
1.04986, 1.04986
1.04806, 1.04806
1.04992, 1.04992
1.04589, 1.04589
1.04774, 1.04774
--------------
Input Size: 576 MiB
kernel:transpose, Total kernel runtime
2.53677, 2.53677
2.53555, 2.53555
2.53706, 2.53706
2.5359, 2.5359
2.53267, 2.53267
2.53197, 2.53197
2.53395, 2.53395
2.53475, 2.53475
2.53549, 2.53549
2.53363, 2.53363
2.53098, 2.53098
2.53379, 2.53379
2.53632, 2.53632
2.53552, 2.53552
2.53398, 2.53398
2.53587, 2.53587
2.53622, 2.53622
2.53341, 2.53341
2.53088, 2.53088
5.30317, 5.30317
2.53616, 2.53616
2.53504, 2.53504
2.53478, 2.53478
2.53347, 2.53347
2.52816, 2.52816
2.5288, 2.5288
2.53386, 2.53386
2.5351, 2.5351
2.53053, 2.53053
2.53299, 2.53299
2.53306, 2.53306
2.52966, 2.52966
2.5336, 2.5336
4.81024, 4.81024
2.53696, 2.53696
2.5399, 2.5399
2.52947, 2.52947
2.53363, 2.53363
2.53933, 2.53933
2.53405, 2.53405
2.5359, 2.5359
4.02429, 4.02429
2.53344, 2.53344
2.53811, 2.53811
2.53446, 2.53446
2.53222, 2.53222
2.53552, 2.53552
2.53379, 2.53379
2.53392, 2.53392
2.53654, 2.53654
2.53338, 2.53338
2.52992, 2.52992
2.53197, 2.53197
2.5304, 2.5304
2.536, 2.536
2.5329, 2.5329
2.53888, 2.53888
2.52957, 2.52957
2.52854, 2.52854
2.53152, 2.53152
2.53568, 2.53568
2.5329, 2.5329
2.53171, 2.53171
2.5369, 2.5369
2.53331, 2.53331
2.53373, 2.53373
2.52864, 2.52864
2.53488, 2.53488
2.53354, 2.53354
2.54083, 2.54083
2.53434, 2.53434
2.528, 2.528
2.53453, 2.53453
2.53254, 2.53254
2.53395, 2.53395
2.53149, 2.53149
2.52973, 2.52973
2.52813, 2.52813
2.52934, 2.52934
2.5287, 2.5287
2.53475, 2.53475
2.52976, 2.52976
2.53549, 2.53549
2.53619, 2.53619
2.53693, 2.53693
2.53299, 2.53299
2.53504, 2.53504
2.5344, 2.5344
2.53437, 2.53437
2.53408, 2.53408
2.53357, 2.53357
2.53677, 2.53677
2.53206, 2.53206
2.53584, 2.53584
2.53526, 2.53526
2.53229, 2.53229
2.53782, 2.53782
2.53373, 2.53373
2.53651, 2.53651
2.52874, 2.52874
--------------
Input Size: 1024 MiB
kernel:transpose, Total kernel runtime
4.46454, 4.46454
4.46637, 4.46637
4.46544, 4.46544
4.46918, 4.46918
4.46573, 4.46573
4.46765, 4.46765
8.02595, 8.02595
4.47757, 4.47757
4.45981, 4.45981
4.45795, 4.45795
4.46486, 4.46486
4.46867, 4.46867
4.46506, 4.46506
4.46189, 4.46189
4.46614, 4.46614
4.46611, 4.46611
4.468, 4.468
4.46464, 4.46464
4.46474, 4.46474
4.46426, 4.46426
4.46458, 4.46458
4.4673, 4.4673
4.46186, 4.46186
4.46816, 4.46816
4.46534, 4.46534
4.46118, 4.46118
4.46394, 4.46394
4.46675, 4.46675
4.46592, 4.46592
4.46605, 4.46605
4.46422, 4.46422
7.05686, 7.05686
4.85325, 4.85325
4.46618, 4.46618
4.46717, 4.46717
4.46477, 4.46477
4.45949, 4.45949
4.56, 4.56
4.46854, 4.46854
4.46531, 4.46531
4.46675, 4.46675
4.46269, 4.46269
4.46224, 4.46224
4.46282, 4.46282
4.46307, 4.46307
4.46477, 4.46477
4.45846, 4.45846
4.46275, 4.46275
4.46637, 4.46637
4.46627, 4.46627
4.46445, 4.46445
4.46237, 4.46237
4.46659, 4.46659
4.46765, 4.46765
4.4655, 4.4655
4.46266, 4.46266
4.48752, 4.48752
5.48902, 5.48902
4.46365, 4.46365
4.46454, 4.46454
4.46746, 4.46746
4.48525, 4.48525
4.46387, 4.46387
4.46614, 4.46614
4.46125, 4.46125
4.45952, 4.45952
4.46419, 4.46419
4.46576, 4.46576
4.47718, 4.47718
4.4607, 4.4607
4.46634, 4.46634
4.46819, 4.46819
4.46774, 4.46774
4.4617, 4.4617
4.46387, 4.46387
4.46499, 4.46499
4.46154, 4.46154
4.45962, 4.45962
4.46506, 4.46506
4.45984, 4.45984
4.46237, 4.46237
4.46851, 4.46851
4.46717, 4.46717
4.6151, 4.6151
4.4697, 4.4697
4.46458, 4.46458
4.468, 4.468
4.46368, 4.46368
4.46016, 4.46016
4.46125, 4.46125
4.46749, 4.46749
4.46618, 4.46618
4.46586, 4.46586
4.46035, 4.46035
4.46432, 4.46432
4.46416, 4.46416
4.4663, 4.4663
4.46976, 4.46976
4.46093, 4.46093
4.46336, 4.46336
--------------
