Input Size: 128 MiB
Footprint: 256 MiB
+ Block Sum size in MiB: 0.0625 MiB
kernel:scan, kernel:add, Total kernel runtime
10.5966, 19.9263, 30.7588
2.20128, 4.39171, 6.85645
2.19766, 4.39088, 6.84038
2.19667, 4.38941, 6.804
2.20582, 4.38909, 6.8328
2.19878, 4.37776, 6.79856
2.20307, 4.38141, 6.80528
2.20352, 4.39642, 6.8216
2.20006, 4.39587, 6.82723
2.19987, 4.3879, 6.88477
2.21136, 4.388, 6.84656
2.20442, 4.39424, 6.87488
2.19962, 4.38934, 6.83427
2.20013, 4.39776, 6.81619
2.20102, 4.38803, 6.84195
2.20029, 4.38851, 6.85626
2.19882, 4.39245, 6.85088
5.2232, 4.38173, 9.89421
2.20714, 4.38858, 6.81606
2.20131, 4.38938, 6.84416
2.21334, 4.40035, 6.86483
2.19869, 4.38931, 6.81792
2.20077, 4.38624, 6.81853
2.20106, 7.82499, 14.3149
6.22806, 7.73702, 14.2301
5.89827, 7.34797, 13.4757
4.91485, 7.94659, 13.1894
2.20189, 4.39491, 6.81798
2.20611, 4.38688, 6.81485
2.2015, 4.38992, 6.82278
2.20291, 4.39206, 6.83402
2.20102, 4.38262, 6.80336
2.20474, 4.38563, 6.83862
2.20282, 4.38835, 6.8105
2.20054, 4.38976, 6.81789
2.19946, 4.39722, 6.8536
2.20323, 4.38461, 6.81101
2.19946, 4.3913, 6.81002
2.19997, 4.39555, 6.87098
2.20269, 4.39453, 6.83187
2.20077, 4.38752, 6.81034
2.20195, 4.39648, 6.81872
2.1993, 4.40112, 6.8288
2.19933, 4.38659, 6.81802
2.20106, 4.38867, 6.84714
2.2017, 4.39139, 6.82589
2.20774, 4.38806, 6.81725
2.19882, 4.3879, 6.83923
2.20102, 4.38563, 6.8096
2.19827, 4.40899, 6.83376
2.20125, 4.38285, 6.81264
2.20077, 4.40259, 6.84403
2.20061, 4.39901, 6.82509
2.19811, 4.38739, 6.80499
2.19683, 4.38838, 6.81955
2.20269, 4.38701, 6.81811
2.20173, 4.3952, 6.82541
2.2016, 4.38474, 6.80122
2.20195, 4.38637, 6.81962
2.19898, 4.37891, 6.79158
2.20285, 4.38835, 6.80624
2.19952, 4.3833, 6.79405
2.20224, 4.38237, 6.81117
2.19786, 4.3927, 6.81216
2.19808, 4.38941, 6.8607
2.20326, 4.39165, 6.81494
2.20288, 4.39453, 6.81104
2.20314, 4.38422, 6.84042
2.19683, 4.38886, 6.81402
2.19891, 4.38272, 6.82291
2.20221, 4.38758, 6.82208
2.20848, 4.40154, 6.87469
2.19997, 4.39482, 6.82608
2.20022, 4.39024, 6.80416
2.20102, 4.38128, 6.7967
2.19898, 4.3847, 6.80355
2.20221, 4.38573, 6.80742
2.21453, 4.39075, 6.82067
2.1991, 4.39558, 6.8152
2.2047, 4.39354, 6.82608
2.19808, 4.39373, 6.80131
2.19942, 4.39226, 6.80515
2.20026, 4.40122, 6.8553
2.19926, 4.38986, 6.81178
2.1991, 4.38768, 6.80038
2.20656, 4.38362, 6.80739
2.19869, 4.39283, 6.81331
2.20416, 4.38083, 6.79494
2.19978, 4.39299, 6.80566
2.19914, 4.39366, 6.81021
2.19683, 4.38218, 6.79853
2.19626, 4.38826, 6.83677
2.19792, 4.38954, 6.80262
2.20304, 4.39344, 6.82707
2.20816, 7.87146, 14.3418
2.2023, 4.56435, 6.97712
5.71962, 7.7783, 13.7195
4.54688, 7.79949, 12.5615
2.20163, 4.3921, 6.8089
2.20054, 4.4016, 6.81782
--------------
Input Size: 256 MiB
Footprint: 512 MiB
+ Block Sum size in MiB: 0.125 MiB
kernel:scan, kernel:add, Total kernel runtime
4.37808, 8.73834, 13.5276
4.37213, 8.73811, 13.5133
3.97763, 8.06627, 12.451
3.97603, 8.07206, 12.4473
3.96038, 8.04614, 12.5068
4.37248, 8.74758, 13.5397
3.97094, 8.06618, 12.45
3.97402, 8.07459, 12.4495
3.9689, 8.04448, 12.4385
3.96173, 8.04464, 12.4081
3.96992, 8.05213, 12.4192
3.96253, 8.05264, 12.4293
3.96205, 8.03853, 12.4005
3.95984, 8.04752, 12.4493
3.97446, 8.052, 12.447
3.95994, 8.04691, 12.4048
3.97443, 8.05459, 12.4483
3.96054, 8.05587, 12.4451
3.96166, 8.05002, 12.4121
3.97446, 8.04714, 12.4376
3.96435, 8.04115, 12.4344
3.96166, 8.04282, 12.4691
3.96595, 8.05338, 12.4183
3.96445, 8.05773, 12.4569
3.96326, 8.04448, 12.4291
3.96634, 8.06016, 12.4528
3.9592, 8.03933, 12.4353
3.9633, 8.06243, 12.4297
3.96874, 8.04525, 12.4156
3.97267, 8.04976, 12.4284
3.96214, 8.04637, 12.499
3.96173, 8.06605, 12.4953
3.96432, 8.04746, 12.4155
5.46963, 8.74522, 14.6216
3.96371, 8.04742, 12.4202
3.96131, 8.03779, 12.3951
6.60166, 8.05869, 15.0823
8.74896, 8.05837, 17.2444
3.96253, 8.04269, 12.4116
3.96922, 8.03706, 12.4149
3.96733, 8.04077, 12.4059
3.96157, 8.0464, 12.4159
3.96118, 8.04851, 12.405
3.96214, 8.05075, 12.4315
3.96723, 8.05302, 12.4416
3.96586, 8.04272, 12.4112
3.96282, 8.04787, 12.4202
3.96323, 8.04797, 12.4076
3.95968, 8.04896, 12.4182
3.96464, 8.04413, 12.4449
3.97101, 8.05891, 12.4456
3.96291, 8.04339, 12.4176
3.96301, 8.05578, 12.4434
3.96637, 8.04451, 12.4222
3.96598, 8.04534, 12.4249
3.96765, 8.05142, 12.4728
3.95987, 8.04099, 12.4001
3.9633, 8.03792, 12.4311
3.97728, 8.04042, 12.4175
3.96211, 8.04816, 12.5101
3.9615, 8.04426, 12.4405
3.96534, 8.03994, 12.404
3.96778, 8.04042, 12.4068
3.9689, 8.05533, 12.4288
4.37542, 8.7376, 13.5147
3.95955, 8.05024, 12.4469
3.96522, 8.04723, 12.4609
3.96038, 8.05664, 12.4174
3.96256, 8.04125, 12.4101
7.17482, 8.05837, 15.6481
4.83642, 8.05891, 13.3088
3.95674, 8.04925, 12.5059
3.9616, 8.05066, 12.4087
3.9663, 8.04835, 12.4234
3.9625, 8.04307, 12.4042
3.95805, 8.0432, 12.4129
3.96157, 8.0415, 12.4181
3.96176, 8.04493, 12.4121
3.96598, 8.04586, 12.4548
3.96003, 8.05446, 12.5022
3.96576, 8.04739, 12.4609
3.96166, 8.05338, 12.4343
3.96275, 8.05402, 12.4482
3.96573, 8.05536, 12.426
3.95872, 8.04787, 12.4163
3.96134, 8.04288, 12.4853
3.96336, 8.0448, 12.422
3.96579, 8.05264, 12.415
3.96352, 8.04544, 12.418
3.96038, 8.0479, 12.4168
3.96733, 8.05872, 12.4681
3.96672, 8.04128, 12.4058
3.96125, 8.03341, 12.3939
3.96106, 8.05133, 12.4322
3.96451, 8.05434, 12.4273
3.96323, 8.05283, 12.4235
3.97158, 8.04941, 12.4267
3.97414, 8.04659, 12.4414
3.96173, 8.04902, 12.4802
3.96922, 8.05504, 12.4244
--------------
Input Size: 512 MiB
Footprint: 1024 MiB
+ Block Sum size in MiB: 0.25 MiB
kernel:scan, kernel:add, Total kernel runtime
8.72432, 17.4347, 26.9249
7.9199, 16.0964, 24.7671
8.99347, 16.0414, 25.8564
7.89789, 16.0399, 24.7947
7.91466, 16.0351, 24.7077
7.90192, 16.0536, 24.7948
7.90352, 16.0404, 24.7117
7.90144, 16.0382, 24.6915
7.90454, 16.0399, 24.715
7.90406, 16.0471, 24.702
7.89648, 16.0412, 24.8603
7.89984, 16.037, 24.7596
7.90874, 16.0411, 24.7519
8.72768, 17.4306, 26.9395
7.93325, 16.0754, 24.7668
7.89744, 16.0511, 24.6948
7.89632, 16.0487, 24.6904
7.90074, 16.0467, 24.8516
7.89936, 16.0403, 24.7113
7.8992, 16.0491, 24.759
7.90464, 16.0497, 24.7363
7.90038, 16.0431, 24.7338
7.9056, 16.0915, 24.771
7.9023, 16.042, 24.7138
7.90106, 16.0401, 24.8131
7.904, 16.0601, 24.7329
7.8959, 16.0402, 24.6996
8.72064, 17.446, 26.926
7.93187, 16.0639, 24.8397
7.90291, 16.0384, 24.7163
7.90899, 16.0457, 24.703
7.90157, 16.0409, 24.6928
7.89744, 16.0344, 24.7953
7.89885, 16.045, 24.6969
7.90512, 16.0436, 24.694
7.92646, 16.04, 24.8323
7.89926, 16.0393, 24.7702
7.90749, 16.0491, 24.7956
7.9216, 16.0361, 24.8103
7.90163, 16.0417, 24.7068
7.90234, 16.0484, 24.7149
8.72189, 17.4187, 26.9161
7.92176, 16.0721, 24.7564
7.89798, 16.0405, 24.6874
7.90003, 16.0362, 24.6828
7.89962, 16.032, 24.7067
7.89994, 16.0469, 24.7126
7.9048, 16.035, 24.7496
7.90557, 16.0397, 24.7063
7.89718, 16.0356, 24.694
7.89882, 16.0423, 24.7164
7.90106, 16.0425, 24.7274
7.89808, 16.0468, 24.7684
7.90163, 16.0366, 24.7027
7.89933, 16.0425, 24.7189
7.9, 16.0808, 24.7178
8.73053, 17.1731, 26.7146
7.90413, 16.0402, 24.7784
7.90051, 16.042, 24.7642
7.89882, 16.0396, 24.6738
7.89738, 16.0524, 24.7167
7.89728, 16.0388, 24.6996
7.90342, 16.0417, 24.706
7.90259, 16.0546, 24.7552
7.91187, 16.0451, 24.8349
7.90806, 16.0403, 24.6964
7.9001, 16.0313, 24.7049
7.89994, 16.0487, 24.6934
7.90038, 16.0362, 24.6913
7.90131, 16.0523, 24.7266
8.72746, 17.4157, 26.9981
7.93011, 16.083, 24.7793
7.89856, 16.0514, 24.7409
7.90394, 16.0389, 24.7049
7.90576, 16.0371, 24.6906
7.90618, 16.0447, 24.7484
7.90512, 16.0443, 24.7387
7.90435, 16.0385, 24.7057
7.90397, 16.034, 24.7189
7.90755, 16.0334, 24.6835
9.90173, 16.0521, 26.7016
7.90061, 16.0506, 24.721
7.90176, 16.061, 24.7416
8.72842, 17.4344, 26.94
7.92323, 16.0687, 24.758
7.90749, 16.0417, 24.7059
7.91472, 16.0419, 24.7907
7.8976, 16.048, 24.7075
7.90531, 16.0424, 24.7005
7.90429, 16.0397, 24.7283
7.90307, 16.049, 24.7198
7.89658, 16.0398, 24.6823
7.90554, 16.0377, 28.7343
7.9073, 16.0451, 24.7244
7.90422, 16.0291, 24.7263
7.90304, 16.0346, 24.739
7.90483, 16.0426, 24.7163
8.72771, 17.4197, 26.8924
7.92237, 16.0763, 24.8036
7.90442, 16.047, 24.7502
--------------
