Input Size: 128 MiB
Footprint: 256 MiB
+ Block Sum size in MiB: 0.0625 MiB
kernel:scan, kernel:add, Total kernel runtime
10.4421, 31.8276, 42.4239
2.17171, 8.28864, 10.6075
2.14883, 8.2585, 10.5598
2.14966, 8.24634, 10.5403
2.15171, 8.24186, 10.5524
2.14896, 8.22698, 10.5135
2.14838, 8.23955, 10.531
2.15507, 8.2441, 10.5516
2.14877, 8.24208, 10.5439
2.15034, 8.23194, 10.5277
2.14992, 8.21578, 10.5189
2.14829, 8.24195, 10.5434
2.14986, 8.23699, 10.5376
2.14899, 8.24429, 10.537
2.15235, 8.23574, 10.5322
2.14899, 8.24214, 10.5402
2.14918, 8.23827, 10.5482
2.15037, 8.24218, 10.5499
2.14922, 8.23437, 10.53
2.14976, 8.21818, 10.5198
2.16042, 8.23546, 10.5414
2.15229, 9.54294, 11.8431
4.22096, 8.24365, 12.6196
5.18406, 8.25283, 13.598
4.74141, 8.24058, 13.1259
5.71056, 8.23658, 14.0988
5.76682, 8.25997, 14.2166
2.14941, 8.23626, 10.5314
2.60205, 9.45149, 12.1979
5.86147, 10.8845, 16.8982
4.44483, 8.27107, 12.8667
2.16154, 13.0531, 15.3587
2.14957, 8.248, 10.5666
2.15117, 8.26163, 10.5487
2.15037, 8.23603, 10.5432
2.1639, 8.25411, 10.5718
2.15171, 8.2392, 10.5279
2.14643, 8.7056, 10.993
2.14886, 8.24406, 10.5364
2.14922, 8.22662, 10.5116
2.15008, 8.23466, 10.5228
2.14835, 8.2473, 10.5353
2.14851, 8.24461, 10.5356
2.14758, 8.24595, 10.5335
2.15232, 8.24125, 10.5317
2.1495, 8.25968, 10.5596
2.1497, 8.22918, 10.5181
2.14656, 8.24845, 10.5565
2.15299, 8.25216, 10.5442
2.14883, 8.25574, 10.5519
2.14966, 8.24419, 10.5368
2.2008, 8.26259, 10.5993
2.1489, 8.23699, 10.5256
2.14979, 8.24509, 10.5371
2.14931, 8.21955, 10.506
2.14845, 8.2289, 10.5144
2.14826, 8.23811, 10.5313
2.14794, 8.25824, 10.5426
2.14867, 8.24333, 10.5308
2.1519, 8.26381, 10.5785
2.15027, 8.25146, 10.5397
2.1503, 8.28634, 10.6286
2.14893, 8.24339, 10.5379
2.15149, 8.25558, 10.5504
2.15094, 8.24285, 10.549
2.15232, 8.24662, 10.5425
2.15254, 8.2455, 10.5397
2.15139, 8.22477, 10.5187
2.15552, 8.2304, 10.5343
2.30237, 8.22362, 10.6727
2.1527, 8.22342, 10.5163
2.15488, 8.23658, 10.5435
2.14922, 8.23373, 10.5246
2.15078, 8.23168, 10.5202
2.1513, 8.23968, 10.5353
2.15331, 8.23507, 10.5347
2.14954, 8.25469, 10.5479
2.14886, 8.26163, 10.5466
2.15171, 8.24973, 10.5419
2.15072, 8.23619, 10.5304
2.14835, 8.24749, 10.5388
2.15581, 8.23347, 10.5323
3.72371, 8.25533, 12.1243
2.15046, 8.23792, 10.5265
2.15136, 8.25226, 10.5451
2.16147, 8.24032, 10.5495
2.14842, 8.2407, 10.5325
2.14938, 8.24218, 10.53
2.15466, 8.2433, 10.5408
2.14912, 8.22262, 10.5151
2.15165, 8.2329, 10.5274
2.14822, 8.22448, 10.5112
2.15546, 8.24118, 10.5368
2.14874, 8.2599, 10.5586
2.15107, 8.24368, 10.5374
2.15094, 8.24746, 10.5371
2.15216, 8.24707, 10.5417
2.15146, 8.24627, 10.5359
2.1504, 8.23936, 10.5309
2.14768, 8.24454, 10.526
--------------
Input Size: 256 MiB
Footprint: 512 MiB
+ Block Sum size in MiB: 0.125 MiB
kernel:scan, kernel:add, Total kernel runtime
4.27306, 15.7881, 20.3032
4.26794, 15.8048, 20.3155
3.87981, 14.8101, 18.9301
3.86842, 14.8304, 18.932
3.8671, 14.8151, 18.9146
3.8728, 14.7983, 18.9305
3.86688, 14.8007, 18.9026
3.86691, 14.7783, 18.8757
3.86912, 14.7939, 18.8919
3.86768, 14.8095, 18.9077
3.86509, 14.8149, 18.9128
3.86579, 14.8663, 18.9771
3.88115, 14.8024, 18.935
3.86579, 14.8115, 18.9203
3.86979, 14.8001, 18.8999
3.86211, 14.813, 18.9084
3.86678, 14.7884, 18.891
3.86816, 14.815, 18.9284
3.8687, 14.801, 18.9024
3.86576, 14.8034, 18.9027
3.86602, 14.8062, 18.9132
3.86538, 14.8156, 18.9221
3.86595, 14.8041, 18.9006
3.86746, 14.7901, 18.8906
3.86778, 14.8008, 18.903
3.8672, 14.8142, 18.9158
3.86659, 14.7921, 18.8915
3.87267, 14.7677, 18.8788
3.86682, 14.8037, 18.9935
3.86653, 14.8219, 18.9226
3.86643, 14.7928, 18.8919
3.87379, 14.7911, 18.9329
3.86496, 14.8312, 18.9561
3.87056, 14.7948, 18.8971
3.87021, 14.8073, 18.9103
3.86528, 14.8076, 18.9143
3.86794, 14.7881, 18.8861
3.86566, 14.8308, 18.9254
3.86829, 14.7873, 18.8943
3.8713, 14.8056, 18.9491
3.86941, 14.8106, 18.9638
3.86886, 14.8117, 18.9103
3.86726, 14.8165, 18.918
3.86806, 14.8004, 18.8928
3.86531, 14.7943, 18.9133
3.86864, 14.8055, 18.9129
3.86947, 14.8018, 18.9075
3.86858, 14.7847, 18.882
3.8649, 14.8161, 18.9922
3.86912, 14.7898, 18.9124
3.86512, 14.8073, 18.902
3.86611, 14.8028, 18.8983
3.86317, 14.8106, 18.9138
3.87322, 14.7918, 18.9237
7.90064, 15.881, 28.0563
3.86512, 14.791, 18.8867
3.87539, 14.7948, 18.9954
3.86608, 14.7978, 18.8953
3.87651, 14.7978, 18.933
3.86576, 14.8071, 18.9275
3.86429, 14.8115, 18.9442
3.8664, 14.822, 18.9268
4.56637, 15.7583, 20.5694
4.74864, 15.7506, 20.7339
6.09392, 15.7589, 22.0902
5.69354, 15.8618, 21.8548
7.77053, 15.8237, 23.844
3.86819, 14.8006, 18.9159
3.86534, 14.7855, 18.8786
3.86739, 14.793, 18.8903
3.8657, 14.7968, 18.9296
3.86573, 14.8052, 18.9809
3.86528, 14.8075, 18.9008
3.87379, 14.7851, 18.9098
3.86576, 14.8222, 18.9165
3.8679, 14.81, 18.9167
3.8711, 14.7918, 18.9412
3.86262, 14.7948, 18.9236
3.87021, 14.7992, 18.9239
3.86678, 14.8157, 18.9193
3.86589, 14.8121, 18.9084
3.86336, 14.7874, 18.8972
3.86742, 14.7934, 18.9088
3.86342, 14.8201, 18.9255
3.86643, 14.799, 18.9016
3.86637, 14.7898, 18.8867
3.86746, 14.806, 18.9116
3.86717, 14.8171, 18.9135
3.86794, 14.8324, 18.931
3.8663, 14.8155, 18.9148
3.8649, 14.8208, 18.9453
3.89325, 14.7945, 18.9604
3.88598, 14.814, 18.9523
3.8656, 14.7875, 18.8798
3.86678, 14.813, 18.9107
3.86646, 14.8294, 18.9275
3.86499, 14.7949, 18.9271
3.87555, 14.7888, 18.9071
3.87155, 14.8108, 18.9258
3.86608, 14.7867, 18.8839
--------------
Input Size: 512 MiB
Footprint: 1024 MiB
+ Block Sum size in MiB: 0.25 MiB
kernel:scan, kernel:add, Total kernel runtime
7.68774, 29.1424, 37.266
7.68874, 29.1263, 37.2301
7.6889, 29.1361, 37.2935
7.7057, 29.1831, 37.357
7.6959, 29.109, 37.2452
7.70624, 29.17, 37.3693
7.69779, 29.1398, 37.2846
7.69037, 29.1564, 37.2902
7.69958, 29.1279, 37.2535
7.69229, 29.1196, 37.2499
7.69059, 29.1414, 37.2651
7.69466, 29.1409, 37.2885
7.69034, 29.1195, 37.306
7.70563, 29.1101, 37.2774
7.69056, 29.132, 37.2552
7.69334, 29.152, 37.3134
7.68982, 29.1247, 37.3303
7.69069, 29.1479, 37.2783
7.69542, 29.1013, 37.2395
7.70637, 29.1034, 37.3655
7.70211, 29.1694, 37.366
7.69043, 29.1212, 37.2694
7.69126, 29.1777, 37.3185
7.72416, 29.1026, 37.2817
7.68989, 29.1259, 37.4004
7.68986, 29.1235, 37.2881
7.68806, 29.0839, 37.2682
7.68781, 29.1052, 37.2309
7.68675, 29.1228, 37.2606
7.68877, 29.1815, 37.3573
7.95174, 31.5923, 39.9821
7.80598, 31.5501, 39.8097
7.88544, 31.5619, 39.8952
7.6952, 29.0933, 37.2444
7.69533, 29.131, 37.295
7.69597, 29.1021, 37.2685
7.69498, 29.1247, 37.3231
7.69542, 29.0987, 37.2466
7.69549, 31.2492, 39.4211
7.69155, 29.1244, 37.2663
7.69853, 29.1295, 37.2844
7.6905, 29.1116, 37.2473
7.68819, 29.1304, 37.2646
7.70019, 29.1108, 37.2627
7.69526, 29.1343, 37.2759
7.69859, 29.1364, 37.3569
7.68781, 29.1207, 37.281
7.69149, 29.1065, 37.2417
7.69395, 29.1113, 37.2512
7.68973, 29.1285, 37.3119
7.6849, 29.1325, 37.2887
7.69053, 29.1114, 37.2522
7.6873, 29.1165, 37.2412
7.69149, 29.1953, 37.3441
7.68765, 29.1452, 37.3125
7.69466, 29.1033, 37.2937
7.69216, 29.1259, 37.2557
7.68909, 29.179, 37.3224
7.69152, 29.1535, 37.2851
7.69216, 29.1088, 37.2573
7.69107, 29.147, 37.2822
7.69008, 29.128, 37.2598
7.6913, 29.1378, 37.2748
7.69069, 29.1278, 37.2662
7.68621, 29.1267, 37.2639
7.70602, 29.1235, 37.3027
7.68998, 29.1208, 37.2626
7.68877, 29.1198, 37.2635
7.69146, 29.1185, 37.2754
7.69312, 29.1165, 37.2897
7.68864, 29.158, 37.2873
7.68954, 29.1731, 37.3102
7.68835, 29.1311, 37.2625
7.69277, 29.1652, 37.3216
7.68749, 29.1405, 37.2571
7.69085, 29.1177, 37.2453
7.70266, 29.1436, 37.32
7.68592, 29.1197, 37.242
7.69616, 29.1259, 37.3127
7.70582, 29.1474, 37.3232
10.5476, 29.1269, 40.1442
7.69862, 29.1084, 37.2539
7.69075, 30.0475, 38.2374
7.69507, 29.113, 37.2966
7.69066, 29.9778, 38.1057
7.6921, 29.1672, 37.356
7.69306, 29.1336, 37.2764
7.68938, 29.1403, 37.2668
7.68794, 29.1363, 37.2678
7.69165, 29.1038, 37.2423
7.68886, 29.1246, 37.2558
7.69126, 29.1376, 37.3293
7.69766, 29.1315, 37.2814
7.70931, 29.1885, 37.3628
7.69395, 29.1178, 37.2556
7.70109, 29.1329, 37.3723
7.70646, 29.1161, 37.2813
7.69203, 29.1325, 37.2755
7.70003, 29.129, 37.2999
7.69635, 29.1189, 37.2596
--------------
