Input Size: 256 MiB
kernel:transpose, Total kernel runtime
5.50618, 5.50618
1.14106, 1.14106
1.05158, 1.05158
1.05018, 1.05018
1.04976, 1.04976
1.04982, 1.04982
1.05136, 1.05136
1.04845, 1.04845
1.04826, 1.04826
1.0599, 1.0599
1.05078, 1.05078
1.04883, 1.04883
1.05107, 1.05107
1.05053, 1.05053
1.05072, 1.05072
1.05085, 1.05085
1.04957, 1.04957
1.05149, 1.05149
1.05082, 1.05082
1.05213, 1.05213
1.05018, 1.05018
1.05987, 1.05987
1.05286, 1.05286
1.04922, 1.04922
1.04771, 1.04771
1.05072, 1.05072
1.05139, 1.05139
1.05389, 1.05389
1.05098, 1.05098
1.05302, 1.05302
1.05098, 1.05098
1.0512, 1.0512
1.05248, 1.05248
1.05331, 1.05331
1.05155, 1.05155
1.05142, 1.05142
1.05334, 1.05334
1.05136, 1.05136
1.05043, 1.05043
1.04915, 1.04915
1.04787, 1.04787
1.04944, 1.04944
1.04877, 1.04877
1.0512, 1.0512
1.04934, 1.04934
1.04867, 1.04867
1.04864, 1.04864
1.05267, 1.05267
1.04922, 1.04922
1.05094, 1.05094
1.05094, 1.05094
1.05059, 1.05059
1.04934, 1.04934
1.05347, 1.05347
1.0505, 1.0505
1.05014, 1.05014
1.05053, 1.05053
1.05104, 1.05104
1.05146, 1.05146
1.05094, 1.05094
1.04976, 1.04976
1.05101, 1.05101
1.04678, 1.04678
1.05325, 1.05325
1.05117, 1.05117
1.04845, 1.04845
1.05261, 1.05261
1.04758, 1.04758
1.05146, 1.05146
1.04832, 1.04832
1.04861, 1.04861
1.04947, 1.04947
1.05094, 1.05094
1.04992, 1.04992
1.05248, 1.05248
1.05002, 1.05002
1.05014, 1.05014
1.05443, 1.05443
4.84506, 4.84506
1.05651, 1.05651
1.04954, 1.04954
1.04861, 1.04861
1.05152, 1.05152
1.05251, 1.05251
1.05088, 1.05088
1.05216, 1.05216
1.05104, 1.05104
1.05107, 1.05107
1.04854, 1.04854
1.05235, 1.05235
1.05267, 1.05267
1.05782, 1.05782
1.05146, 1.05146
1.0503, 1.0503
1.04973, 1.04973
1.05123, 1.05123
1.05174, 1.05174
1.0471, 1.0471
1.05402, 1.05402
1.0473, 1.0473
--------------
Input Size: 576 MiB
kernel:transpose, Total kernel runtime
2.60538, 2.60538
2.54, 2.54
2.53712, 2.53712
2.53699, 2.53699
2.53661, 2.53661
2.53741, 2.53741
2.53562, 2.53562
2.53466, 2.53466
2.53821, 2.53821
2.53469, 2.53469
2.53645, 2.53645
2.53744, 2.53744
2.54221, 2.54221
2.53981, 2.53981
2.57389, 2.57389
2.5408, 2.5408
2.53923, 2.53923
2.53869, 2.53869
2.54422, 2.54422
2.53811, 2.53811
2.54083, 2.54083
2.53802, 2.53802
2.53802, 2.53802
2.54406, 2.54406
2.53834, 2.53834
2.53898, 2.53898
2.53981, 2.53981
2.53725, 2.53725
2.54061, 2.54061
5.99578, 5.99578
4.96061, 4.96061
2.53798, 2.53798
2.53994, 2.53994
2.53955, 2.53955
2.53546, 2.53546
2.53875, 2.53875
2.53946, 2.53946
2.53818, 2.53818
2.54342, 2.54342
2.54435, 2.54435
2.54064, 2.54064
2.54125, 2.54125
2.53949, 2.53949
2.54326, 2.54326
2.5409, 2.5409
2.53686, 2.53686
2.53846, 2.53846
2.53517, 2.53517
2.53994, 2.53994
2.53638, 2.53638
2.53629, 2.53629
2.53699, 2.53699
2.536, 2.536
2.53629, 2.53629
2.53766, 2.53766
2.53648, 2.53648
2.55037, 2.55037
2.53901, 2.53901
2.54083, 2.54083
2.53862, 2.53862
2.54026, 2.54026
2.53894, 2.53894
2.53574, 2.53574
2.53795, 2.53795
2.53674, 2.53674
2.53722, 2.53722
2.55382, 2.55382
2.53658, 2.53658
2.53594, 2.53594
2.53616, 2.53616
2.53421, 2.53421
2.54118, 2.54118
2.53398, 2.53398
2.536, 2.536
2.53824, 2.53824
2.53763, 2.53763
2.54198, 2.54198
2.53757, 2.53757
2.53469, 2.53469
4.71008, 4.71008
2.53981, 2.53981
2.54998, 2.54998
2.53811, 2.53811
2.54141, 2.54141
2.53763, 2.53763
2.53683, 2.53683
2.53997, 2.53997
2.54112, 2.54112
2.53792, 2.53792
2.54182, 2.54182
2.53856, 2.53856
2.53626, 2.53626
2.53955, 2.53955
2.53952, 2.53952
2.53978, 2.53978
2.53866, 2.53866
2.54032, 2.54032
2.54026, 2.54026
2.53789, 2.53789
2.53584, 2.53584
--------------
Input Size: 1024 MiB
kernel:transpose, Total kernel runtime
4.50058, 4.50058
4.48342, 4.48342
4.47728, 4.47728
4.48317, 4.48317
4.48557, 4.48557
4.4824, 4.4824
4.48323, 4.48323
5.45888, 5.45888
8.15853, 8.15853
4.48397, 4.48397
4.48378, 4.48378
4.4824, 4.4824
4.48653, 4.48653
4.4823, 4.4823
4.48339, 4.48339
4.47866, 4.47866
4.48077, 4.48077
4.49302, 4.49302
4.47766, 4.47766
4.48368, 4.48368
4.4833, 4.4833
4.48026, 4.48026
4.47747, 4.47747
4.48778, 4.48778
4.48826, 4.48826
4.48419, 4.48419
4.48326, 4.48326
4.48848, 4.48848
4.4825, 4.4825
4.48246, 4.48246
4.48445, 4.48445
4.47981, 4.47981
4.48048, 4.48048
4.48256, 4.48256
4.48205, 4.48205
4.48166, 4.48166
6.69043, 6.69043
4.48349, 4.48349
4.48374, 4.48374
4.48122, 4.48122
4.47699, 4.47699
4.48829, 4.48829
4.48387, 4.48387
4.48429, 4.48429
4.48352, 4.48352
4.48118, 4.48118
4.47674, 4.47674
4.48496, 4.48496
4.4895, 4.4895
4.48429, 4.48429
4.48858, 4.48858
4.48246, 4.48246
4.4871, 4.4871
4.48362, 4.48362
4.48118, 4.48118
4.48282, 4.48282
4.48442, 4.48442
4.48438, 4.48438
4.48006, 4.48006
4.48202, 4.48202
4.48371, 4.48371
4.48403, 4.48403
4.48176, 4.48176
4.78336, 4.78336
4.48432, 4.48432
4.48342, 4.48342
4.48371, 4.48371
4.48138, 4.48138
4.48278, 4.48278
4.48032, 4.48032
4.48218, 4.48218
4.47875, 4.47875
4.48182, 4.48182
4.4865, 4.4865
4.4799, 4.4799
4.48243, 4.48243
4.48538, 4.48538
4.49376, 4.49376
4.48317, 4.48317
4.4809, 4.4809
4.48285, 4.48285
4.48512, 4.48512
4.48464, 4.48464
4.48058, 4.48058
4.48112, 4.48112
4.48096, 4.48096
4.48461, 4.48461
4.4793, 4.4793
4.48138, 4.48138
4.48912, 4.48912
6.66765, 6.66765
4.50694, 4.50694
4.49053, 4.49053
4.49005, 4.49005
4.48416, 4.48416
4.4824, 4.4824
4.48182, 4.48182
4.4791, 4.4791
4.48307, 4.48307
4.48445, 4.48445
--------------
