Input Size: 256MiB
kernel:tree-reduce, Total kernel runtime
21.5963, 21.5963
4.65782, 4.65782
4.61011, 4.61011
4.60842, 4.60842
4.61066, 4.61066
4.60918, 4.60918
4.63101, 4.63101
4.61251, 4.61251
4.61037, 4.61037
4.61056, 4.61056
4.51696, 4.51696
4.51139, 4.51139
4.50256, 4.50256
4.51581, 4.51581
4.50602, 4.50602
4.5161, 4.5161
4.50035, 4.50035
4.52, 4.52
4.50016, 4.50016
4.52173, 4.52173
4.50499, 4.50499
4.51827, 4.51827
4.51603, 4.51603
4.50317, 4.50317
4.51728, 4.51728
4.50496, 4.50496
4.51491, 4.51491
4.51917, 4.51917
4.52826, 4.52826
4.50275, 4.50275
4.51571, 4.51571
4.50298, 4.50298
4.5161, 4.5161
4.50522, 4.50522
4.51574, 4.51574
4.50352, 4.50352
4.51578, 4.51578
4.50195, 4.50195
4.51587, 4.51587
4.50416, 4.50416
4.51773, 4.51773
4.49994, 4.49994
4.5232, 4.5232
4.50125, 4.50125
4.51555, 4.51555
4.51514, 4.51514
4.51491, 4.51491
4.51565, 4.51565
4.51526, 4.51526
4.51635, 4.51635
4.516, 4.516
4.51552, 4.51552
4.51866, 4.51866
4.51699, 4.51699
4.50054, 4.50054
4.50192, 4.50192
4.50688, 4.50688
4.51846, 4.51846
4.504, 4.504
4.51488, 4.51488
4.51229, 4.51229
4.51821, 4.51821
4.504, 4.504
4.51686, 4.51686
4.50128, 4.50128
4.5144, 4.5144
4.5007, 4.5007
4.51558, 4.51558
4.50099, 4.50099
4.51501, 4.51501
4.50272, 4.50272
4.51536, 4.51536
4.50131, 4.50131
4.82, 4.82
4.50509, 4.50509
4.52154, 4.52154
4.50189, 4.50189
4.51414, 4.51414
4.50224, 4.50224
4.5153, 4.5153
4.50298, 4.50298
4.51389, 4.51389
4.50246, 4.50246
4.51664, 4.51664
4.49955, 4.49955
4.51581, 4.51581
4.50915, 4.50915
4.51786, 4.51786
4.50125, 4.50125
4.51907, 4.51907
4.50134, 4.50134
4.5151, 4.5151
4.50333, 4.50333
4.52093, 4.52093
4.50144, 4.50144
4.51597, 4.51597
4.524, 4.524
4.50138, 4.50138
4.51571, 4.51571
4.49952, 4.49952
--------------
Input Size: 512MiB
kernel:tree-reduce, Total kernel runtime
9.00688, 9.00688
8.40851, 8.40851
8.41011, 8.41011
8.40694, 8.40694
8.41078, 8.41078
8.40531, 8.40531
8.40909, 8.40909
8.41155, 8.41155
8.41139, 8.41139
8.40912, 8.40912
8.41382, 8.41382
8.41226, 8.41226
8.41062, 8.41062
8.4103, 8.4103
8.43171, 8.43171
8.41123, 8.41123
8.42982, 8.42982
8.41715, 8.41715
8.4144, 8.4144
8.40998, 8.40998
8.41446, 8.41446
8.40995, 8.40995
8.40739, 8.40739
8.40813, 8.40813
8.40918, 8.40918
8.40861, 8.40861
8.40499, 8.40499
8.41078, 8.41078
8.4088, 8.4088
8.41024, 8.41024
8.41152, 8.41152
8.4113, 8.4113
8.40928, 8.40928
8.40877, 8.40877
8.40768, 8.40768
8.4257, 8.4257
8.41155, 8.41155
8.40986, 8.40986
8.41043, 8.41043
8.40563, 8.40563
8.40688, 8.40688
8.41798, 8.41798
8.41104, 8.41104
8.40707, 8.40707
8.41312, 8.41312
8.4143, 8.4143
8.41152, 8.41152
8.41024, 8.41024
8.4143, 8.4143
8.40787, 8.40787
8.40842, 8.40842
8.40742, 8.40742
8.41254, 8.41254
8.4087, 8.4087
8.4241, 8.4241
8.41072, 8.41072
8.40381, 8.40381
8.40973, 8.40973
8.40915, 8.40915
8.40995, 8.40995
8.40672, 8.40672
8.41366, 8.41366
8.40525, 8.40525
8.41405, 8.41405
8.4097, 8.4097
8.43072, 8.43072
8.43443, 8.43443
8.40842, 8.40842
8.41334, 8.41334
8.41562, 8.41562
8.4104, 8.4104
8.40896, 8.40896
8.40714, 8.40714
8.41245, 8.41245
8.41904, 8.41904
8.41024, 8.41024
8.40691, 8.40691
8.4032, 8.4032
8.40899, 8.40899
8.40998, 8.40998
8.41082, 8.41082
8.41338, 8.41338
8.41331, 8.41331
8.4072, 8.4072
8.41814, 8.41814
8.41011, 8.41011
8.40579, 8.40579
8.41242, 8.41242
8.40864, 8.40864
8.4096, 8.4096
8.41136, 8.41136
8.4103, 8.4103
8.41373, 8.41373
8.41085, 8.41085
8.40614, 8.40614
8.41414, 8.41414
8.40499, 8.40499
8.40781, 8.40781
8.40333, 8.40333
8.40922, 8.40922
--------------
Input Size: 1024MiB
kernel:tree-reduce, Total kernel runtime
16.7963, 16.7963
16.7944, 16.7944
16.7899, 16.7899
16.7894, 16.7894
16.7965, 16.7965
16.798, 16.798
16.8084, 16.8084
16.7952, 16.7952
16.7981, 16.7981
16.7958, 16.7958
16.7885, 16.7885
16.8282, 16.8282
16.7959, 16.7959
16.8053, 16.8053
16.7969, 16.7969
16.7906, 16.7906
16.8004, 16.8004
16.7908, 16.7908
16.7912, 16.7912
16.7912, 16.7912
16.7936, 16.7936
16.7918, 16.7918
16.7905, 16.7905
16.7891, 16.7891
16.8064, 16.8064
16.7983, 16.7983
16.7969, 16.7969
16.7873, 16.7873
16.7889, 16.7889
16.7951, 16.7951
16.793, 16.793
16.7965, 16.7965
16.7938, 16.7938
16.7932, 16.7932
16.798, 16.798
16.7954, 16.7954
16.7999, 16.7999
16.794, 16.794
16.7915, 16.7915
16.7923, 16.7923
16.7854, 16.7854
16.8042, 16.8042
16.7856, 16.7856
16.7883, 16.7883
16.7911, 16.7911
16.7918, 16.7918
16.7914, 16.7914
16.7865, 16.7865
16.7893, 16.7893
16.7911, 16.7911
16.7883, 16.7883
16.7985, 16.7985
20.7869, 20.7869
16.7884, 16.7884
16.8005, 16.8005
16.8115, 16.8115
16.7916, 16.7916
16.7992, 16.7992
16.7859, 16.7859
16.7944, 16.7944
16.7984, 16.7984
16.7998, 16.7998
16.7996, 16.7996
16.7899, 16.7899
16.7865, 16.7865
16.7893, 16.7893
16.806, 16.806
16.7938, 16.7938
16.7862, 16.7862
16.7885, 16.7885
16.7986, 16.7986
16.7945, 16.7945
16.786, 16.786
16.7949, 16.7949
16.7932, 16.7932
16.7922, 16.7922
16.7876, 16.7876
16.7916, 16.7916
16.7892, 16.7892
16.7877, 16.7877
16.7952, 16.7952
16.7904, 16.7904
16.7916, 16.7916
16.7912, 16.7912
16.796, 16.796
16.7943, 16.7943
16.7886, 16.7886
16.7876, 16.7876
16.7996, 16.7996
16.7945, 16.7945
16.7904, 16.7904
16.7887, 16.7887
16.7911, 16.7911
16.7877, 16.7877
16.7939, 16.7939
18.9269, 18.9269
16.788, 16.788
16.7945, 16.7945
16.7915, 16.7915
16.7866, 16.7866
--------------
Input Size: 2048MiB
kernel:tree-reduce, Total kernel runtime
37.1892, 37.1892
33.556, 33.556
33.5613, 33.5613
33.5587, 33.5587
33.5704, 33.5704
33.5684, 33.5684
33.5557, 33.5557
33.5558, 33.5558
33.5638, 33.5638
33.556, 33.556
33.5645, 33.5645
33.5555, 33.5555
33.5612, 33.5612
33.556, 33.556
33.5622, 33.5622
33.5633, 33.5633
33.5566, 33.5566
33.6093, 33.6093
33.5568, 33.5568
33.5569, 33.5569
33.5546, 33.5546
33.5545, 33.5545
33.5557, 33.5557
33.5585, 33.5585
38.2046, 38.2046
33.5555, 33.5555
33.5614, 33.5614
33.5571, 33.5571
33.5475, 33.5475
33.5635, 33.5635
33.5619, 33.5619
33.5614, 33.5614
33.5583, 33.5583
33.5576, 33.5576
33.5548, 33.5548
33.5541, 33.5541
33.5598, 33.5598
33.5758, 33.5758
33.5564, 33.5564
33.5487, 33.5487
33.5565, 33.5565
33.556, 33.556
33.5821, 33.5821
33.5465, 33.5465
33.5581, 33.5581
33.5536, 33.5536
33.5522, 33.5522
37.4827, 37.4827
36.7351, 36.7351
33.5537, 33.5537
33.5648, 33.5648
33.5488, 33.5488
33.5508, 33.5508
33.5563, 33.5563
33.5516, 33.5516
33.5558, 33.5558
33.5495, 33.5495
33.57, 33.57
33.553, 33.553
33.5555, 33.5555
33.5617, 33.5617
33.5565, 33.5565
33.5565, 33.5565
33.5508, 33.5508
33.5551, 33.5551
33.5539, 33.5539
33.5641, 33.5641
33.5472, 33.5472
33.5588, 33.5588
33.5533, 33.5533
33.556, 33.556
33.5732, 33.5732
35.9527, 35.9527
33.5589, 33.5589
33.554, 33.554
33.5538, 33.5538
33.5728, 33.5728
33.5596, 33.5596
33.5589, 33.5589
33.5617, 33.5617
33.5586, 33.5586
33.5548, 33.5548
33.5544, 33.5544
33.5559, 33.5559
33.5502, 33.5502
33.5584, 33.5584
33.5479, 33.5479
33.5471, 33.5471
33.549, 33.549
33.5584, 33.5584
33.5582, 33.5582
33.5681, 33.5681
33.5629, 33.5629
33.5655, 33.5655
33.5645, 33.5645
33.5636, 33.5636
33.727, 33.727
33.5504, 33.5504
33.5492, 33.5492
33.5499, 33.5499
--------------
