Input Size: 256MiB
kernel:tree-reduce, Total kernel runtime
15.068, 15.068
3.8745, 3.8745
3.37258, 3.37258
3.37376, 3.37376
3.37309, 3.37309
3.37005, 3.37005
3.37248, 3.37248
3.37334, 3.37334
3.38656, 3.38656
3.36845, 3.36845
3.37222, 3.37222
3.3728, 3.3728
3.37018, 3.37018
3.36976, 3.36976
3.37155, 3.37155
3.37466, 3.37466
3.37238, 3.37238
3.37264, 3.37264
3.37939, 3.37939
3.3673, 3.3673
3.37274, 3.37274
3.37462, 3.37462
3.37178, 3.37178
3.37194, 3.37194
3.37162, 3.37162
3.37472, 3.37472
3.36794, 3.36794
3.3735, 3.3735
3.29347, 3.29347
3.30003, 3.30003
3.29078, 3.29078
3.30525, 3.30525
3.29315, 3.29315
3.30227, 3.30227
3.30131, 3.30131
3.30474, 3.30474
3.29008, 3.29008
3.30221, 3.30221
3.29274, 3.29274
3.30371, 3.30371
3.28963, 3.28963
3.30314, 3.30314
3.29539, 3.29539
3.30499, 3.30499
3.29245, 3.29245
3.30688, 3.30688
3.30506, 3.30506
3.29245, 3.29245
3.30698, 3.30698
3.28899, 3.28899
3.30454, 3.30454
3.2919, 3.2919
3.30208, 3.30208
3.29158, 3.29158
3.304, 3.304
3.29238, 3.29238
3.3047, 3.3047
3.29104, 3.29104
3.30672, 3.30672
3.29821, 3.29821
3.29917, 3.29917
3.29248, 3.29248
3.29878, 3.29878
3.29302, 3.29302
3.2985, 3.2985
3.3065, 3.3065
3.30534, 3.30534
3.30448, 3.30448
3.30474, 3.30474
3.30602, 3.30602
3.30394, 3.30394
3.31619, 3.31619
3.30378, 3.30378
3.30298, 3.30298
3.3032, 3.3032
3.30419, 3.30419
3.30714, 3.30714
3.30803, 3.30803
3.29325, 3.29325
3.30678, 3.30678
3.2937, 3.2937
3.30778, 3.30778
3.2912, 3.2912
3.30275, 3.30275
3.28826, 3.28826
3.30829, 3.30829
3.29834, 3.29834
3.30915, 3.30915
3.28928, 3.28928
3.30573, 3.30573
3.29306, 3.29306
3.30723, 3.30723
3.2928, 3.2928
3.30483, 3.30483
3.29248, 3.29248
3.30675, 3.30675
3.29357, 3.29357
3.32461, 3.32461
3.30237, 3.30237
3.29238, 3.29238
--------------
Input Size: 512MiB
kernel:tree-reduce, Total kernel runtime
6.56266, 6.56266
6.55942, 6.55942
6.1576, 6.1576
6.15539, 6.15539
6.15952, 6.15952
6.15712, 6.15712
6.15734, 6.15734
6.15466, 6.15466
6.15859, 6.15859
6.15664, 6.15664
6.15552, 6.15552
6.15795, 6.15795
6.15472, 6.15472
6.16202, 6.16202
6.15562, 6.15562
6.16157, 6.16157
6.15414, 6.15414
6.15654, 6.15654
6.15805, 6.15805
6.15712, 6.15712
6.16227, 6.16227
6.1561, 6.1561
6.15744, 6.15744
6.1575, 6.1575
6.15827, 6.15827
6.1592, 6.1592
6.15744, 6.15744
6.15978, 6.15978
6.15994, 6.15994
6.16234, 6.16234
6.15581, 6.15581
7.03446, 7.03446
6.15683, 6.15683
6.20195, 6.20195
6.15594, 6.15594
6.15802, 6.15802
6.16499, 6.16499
6.1591, 6.1591
6.15766, 6.15766
6.1633, 6.1633
6.16314, 6.16314
6.15891, 6.15891
6.15946, 6.15946
6.15971, 6.15971
6.1575, 6.1575
6.1697, 6.1697
6.15725, 6.15725
6.17011, 6.17011
6.15984, 6.15984
6.15763, 6.15763
6.15382, 6.15382
6.15872, 6.15872
6.15632, 6.15632
6.15725, 6.15725
6.15856, 6.15856
6.15738, 6.15738
6.15766, 6.15766
6.15811, 6.15811
6.15555, 6.15555
6.15578, 6.15578
6.15219, 6.15219
6.16016, 6.16016
6.15981, 6.15981
6.16166, 6.16166
6.15712, 6.15712
6.1568, 6.1568
6.15856, 6.15856
6.15821, 6.15821
6.16, 6.16
6.15779, 6.15779
6.15398, 6.15398
6.15357, 6.15357
6.15408, 6.15408
6.15738, 6.15738
6.15523, 6.15523
6.15686, 6.15686
6.15702, 6.15702
6.1561, 6.1561
6.16909, 6.16909
6.15578, 6.15578
6.15603, 6.15603
6.15715, 6.15715
6.16131, 6.16131
6.15344, 6.15344
6.15302, 6.15302
6.15907, 6.15907
6.15507, 6.15507
6.1559, 6.1559
6.16045, 6.16045
6.15741, 6.15741
6.16118, 6.16118
6.15622, 6.15622
6.16691, 6.16691
6.15789, 6.15789
6.15568, 6.15568
6.15635, 6.15635
6.16141, 6.16141
6.1545, 6.1545
6.16246, 6.16246
6.15485, 6.15485
--------------
Input Size: 1024MiB
kernel:tree-reduce, Total kernel runtime
12.2877, 12.2877
12.292, 12.292
12.2883, 12.2883
12.2887, 12.2887
12.2811, 12.2811
12.2888, 12.2888
12.2869, 12.2869
12.2891, 12.2891
12.2986, 12.2986
12.2847, 12.2847
12.2877, 12.2877
12.2815, 12.2815
12.2823, 12.2823
12.2874, 12.2874
12.2892, 12.2892
12.8655, 12.8655
12.2956, 12.2956
12.2868, 12.2868
12.2862, 12.2862
12.2821, 12.2821
12.291, 12.291
12.2892, 12.2892
12.28, 12.28
12.3001, 12.3001
12.2869, 12.2869
12.2882, 12.2882
12.2838, 12.2838
12.2892, 12.2892
12.2876, 12.2876
12.295, 12.295
12.2824, 12.2824
12.2826, 12.2826
12.2921, 12.2921
12.2834, 12.2834
12.2888, 12.2888
12.2877, 12.2877
12.2837, 12.2837
12.288, 12.288
12.2852, 12.2852
12.2866, 12.2866
12.2905, 12.2905
12.2834, 12.2834
12.2804, 12.2804
12.2883, 12.2883
12.2879, 12.2879
12.2845, 12.2845
12.2849, 12.2849
12.2862, 12.2862
12.2815, 12.2815
12.2749, 12.2749
12.2873, 12.2873
12.2854, 12.2854
12.2847, 12.2847
12.2852, 12.2852
12.286, 12.286
12.2872, 12.2872
12.2859, 12.2859
12.2855, 12.2855
12.2841, 12.2841
12.2864, 12.2864
12.2863, 12.2863
12.2835, 12.2835
12.2995, 12.2995
15.2549, 15.2549
13.7705, 13.7705
12.2818, 12.2818
12.2864, 12.2864
12.2926, 12.2926
12.2897, 12.2897
12.2809, 12.2809
12.288, 12.288
12.2989, 12.2989
12.2866, 12.2866
12.2881, 12.2881
12.2849, 12.2849
12.2911, 12.2911
12.2845, 12.2845
12.2896, 12.2896
12.2883, 12.2883
12.2898, 12.2898
12.2858, 12.2858
12.2857, 12.2857
12.3035, 12.3035
12.2803, 12.2803
12.2902, 12.2902
12.2907, 12.2907
12.2866, 12.2866
12.2815, 12.2815
12.2823, 12.2823
12.2871, 12.2871
12.2867, 12.2867
12.2886, 12.2886
12.2909, 12.2909
12.2982, 12.2982
12.2875, 12.2875
12.2903, 12.2903
12.2891, 12.2891
12.2832, 12.2832
12.2875, 12.2875
12.3029, 12.3029
--------------
Input Size: 2048MiB
kernel:tree-reduce, Total kernel runtime
24.5434, 24.5434
24.5566, 24.5566
24.5475, 24.5475
24.5503, 24.5503
24.5559, 24.5559
24.5566, 24.5566
28.7791, 28.7791
24.5555, 24.5555
24.5584, 24.5584
24.5475, 24.5475
24.562, 24.562
24.5656, 24.5656
24.5494, 24.5494
24.5531, 24.5531
24.5525, 24.5525
24.5458, 24.5458
24.5706, 24.5706
24.5543, 24.5543
24.5508, 24.5508
24.5548, 24.5548
24.5439, 24.5439
24.5614, 24.5614
24.5498, 24.5498
24.5508, 24.5508
24.5458, 24.5458
24.5495, 24.5495
24.5546, 24.5546
24.5524, 24.5524
24.5538, 24.5538
24.5413, 24.5413
30.0357, 30.0357
24.554, 24.554
24.5541, 24.5541
24.5521, 24.5521
24.5459, 24.5459
24.5552, 24.5552
24.5428, 24.5428
24.5457, 24.5457
24.5482, 24.5482
24.5505, 24.5505
24.5442, 24.5442
24.5516, 24.5516
24.5487, 24.5487
24.5507, 24.5507
24.5565, 24.5565
24.5564, 24.5564
24.5433, 24.5433
24.5432, 24.5432
24.545, 24.545
24.5456, 24.5456
24.556, 24.556
24.5459, 24.5459
24.5548, 24.5548
28.9228, 28.9228
24.5476, 24.5476
24.5511, 24.5511
24.5527, 24.5527
24.5459, 24.5459
24.5586, 24.5586
24.5447, 24.5447
25.2242, 25.2242
24.5585, 24.5585
24.5661, 24.5661
24.5572, 24.5572
24.54, 24.54
24.5456, 24.5456
24.5708, 24.5708
24.5625, 24.5625
24.5535, 24.5535
24.5472, 24.5472
24.555, 24.555
24.548, 24.548
24.5618, 24.5618
24.544, 24.544
24.5515, 24.5515
24.5468, 24.5468
24.5514, 24.5514
32.6358, 32.6358
24.5459, 24.5459
24.5572, 24.5572
24.5472, 24.5472
24.5533, 24.5533
24.559, 24.559
24.5518, 24.5518
24.5681, 24.5681
24.5416, 24.5416
24.5476, 24.5476
24.5504, 24.5504
24.5447, 24.5447
24.553, 24.553
24.5526, 24.5526
24.5506, 24.5506
24.5491, 24.5491
24.546, 24.546
24.5474, 24.5474
24.559, 24.559
24.5544, 24.5544
24.5435, 24.5435
24.5508, 24.5508
24.5485, 24.5485
--------------
